Reason_1,Reason_2,Reason_3,Reason_4,Month Value,Transportation Expense,Age,Body Mass Index,Education,Children,Pet,Probability,Prediction
0,0.0,0,1,6,179,30,19,1,0,0,0.008190514423493727,0
1,0.0,0,0,6,361,28,27,0,1,4,0.8880895508282161,1
0,0.0,0,1,6,155,34,25,0,2,0,0.03643689632629078,0
0,0.0,0,1,6,179,40,22,1,2,0,0.018541852969361672,0
1,0.0,0,0,6,155,34,25,0,2,0,0.7113387514851761,1
1,0.0,0,0,6,225,28,24,0,1,2,0.7187994014236906,1
1,0.0,0,0,6,118,46,25,0,2,0,0.5497195502151565,1
0,0.0,0,1,6,179,30,19,1,0,0,0.008190514423493727,0
0,0.0,0,1,6,118,37,28,0,0,0,0.010920593332479979,0
1,0.0,0,0,6,118,37,28,0,0,0,0.4184417803088758,0
0,0.0,0,1,6,378,36,21,0,2,4,0.11393168609829085,0
0,0.0,1,0,6,118,50,31,0,1,0,0.9839014444745064,1
0,0.0,1,0,6,233,31,21,1,1,8,0.9767481172701529,1
0,0.0,0,1,6,179,30,19,1,0,0,0.008190514423493727,0
0,0.0,0,0,6,235,48,33,0,1,5,0.003937406512719245,0
0,0.0,0,0,6,268,33,25,1,0,0,0.0033369370239997686,0
0,0.0,1,0,6,118,50,31,0,1,0,0.9839014444745064,1
1,0.0,0,0,6,179,30,19,1,0,0,0.34987167144765113,0
0,0.0,0,1,6,291,40,25,0,1,1,0.053344083192167845,0
1,0.0,0,0,7,179,30,19,1,0,0,0.36112032124717314,0
0,0.0,0,1,7,118,37,28,0,0,0,0.011463857835621975,0
0,0.0,0,1,7,233,31,21,1,1,8,0.010066568655511043,0
1,0.0,0,0,7,118,37,28,0,0,0,0.4304354080732766,0
1,0.0,0,0,7,118,37,28,0,0,0,0.4304354080732766,0
0,0.0,0,1,7,233,31,21,1,1,8,0.010066568655511043,0
0,0.0,0,1,7,235,43,38,0,1,0,0.07011282183550636,0
0,0.0,1,0,7,233,31,21,1,1,8,0.9778374841900273,1
1,0.0,0,0,7,228,58,22,0,2,1,0.6352484813775394,1
0,0.0,0,1,7,118,37,28,0,0,0,0.011463857835621975,0
1,0.0,0,0,7,228,58,22,0,2,1,0.6352484813775394,1
0,0.0,0,1,7,189,33,25,0,2,2,0.042391312188988534,0
0,0.0,0,1,7,118,37,28,0,0,0,0.011463857835621975,0
0,0.0,0,1,7,361,28,27,0,1,4,0.11339934956215224,0
0,0.0,0,1,7,225,28,24,0,1,2,0.03956890874823268,0
1,0.0,0,0,7,369,31,25,0,3,0,0.9678253282284555,1
1,0.0,0,0,7,289,33,30,0,2,1,0.9103706292814867,1
1,0.0,0,0,7,235,37,29,1,1,1,0.651855327725665,1
0,0.0,0,0,7,118,40,34,0,1,8,0.0014595346717491842,0
0,0.0,0,0,7,231,39,35,0,2,2,0.013317420549063666,0
0,0.0,0,0,7,179,53,25,0,1,1,0.0021681602235331192,0
